2.208287781755654822e-01
1.563659701055514772e-01
1.553949785570313269e-01
1.576110086713305158e-01
9.195130876977799517e-01
8.852851110593512596e-01
3.352572965981876485e-01
1.848680880242392285e-02
2.607622941761887359e-01
2.242335334672479474e-01
2.059069302004396806e-01
1.548006473196070487e-01
7.912142834426429960e-01
1.242161775033650967e-01
8.168938664192146870e-01
6.194871962832895762e-02
3.187386977930293797e-01
1.875706623841333909e-01
3.005856684036855020e-01
9.063226786825080705e-02
1.804800891031820842e-01
2.553877125590869879e-01
1.567044766570865333e-01
6.833170182794459646e-02
2.543883354207307490e-01
2.553052370148831129e-01
3.951287850668841473e-01
1.304972959003437571e-01
1.312419404781200172e-01
1.494132533775024696e-01
4.247444503189925502e-01
5.696461620826022143e-01
9.875943542327955682e-02
2.198080863104635019e-01
1.038014882992779053e-01
3.186511771639495838e-01
3.835797391595519024e-01
3.100365248473556656e-01
1.375134532628840556e-01
3.217328645391451941e-02
2.616273660057470418e-01
9.729980181717938492e-02
2.371762148711508977e-01
3.405252673650222550e-01
1.213157789855589391e-01
2.565373111271253004e-01
2.867455054891782651e-01
5.844527280185950191e-02
1.772809846549213697e-01
1.925134813247205701e-01
9.028736268788511987e-01
7.054609667995396238e-01
7.491599910093589276e-01
8.245454147992699045e-01
5.749759279241016818e-01
8.103068433974849327e-01
8.784284285081260801e-01
6.454748770353503362e-01
6.294024130681621365e-01
9.330258062539209529e-01
8.631794087399825566e-01
4.332401211210176184e-01
9.612618526605390956e-01
6.518415136444372093e-01
5.100716003204182059e-01
9.642417828586388184e-01
9.281163836475641027e-01
7.770793715050843264e-01
8.691442796867792087e-01
4.344088944535359209e-01
6.073044162708228777e-01
4.811113536759339393e-01
3.705991284890592374e-01
9.722487325403745828e-01
2.891739508157855076e-01
8.116155413123674611e-01
7.887847484728975900e-01
6.954629786773977029e-01
1.153363782503696311e-01
7.310999561669400126e-01
7.229834294407695428e-01
8.565396166445514714e-01
8.599089168924378690e-01
9.410127721980946491e-01
7.331474517079262787e-01
9.308613572760418009e-01
9.902794002892956193e-01
4.223588764977885823e-01
9.664288288915392489e-01
8.646968202752290944e-01
7.053993941711335092e-01
4.924939759829501384e-01
5.563117436428145490e-01
8.250628931572984159e-01
2.530564061164766176e-01
9.222774253584816728e-01
8.571808384967971595e-01
6.490510258180995917e-01
7.912089519621213762e-01
9.633838760399910939e-01
