1.089635854982437951e-01
5.311321014589582834e-01
3.400990928137837543e-01
9.472856378148554468e-02
4.305480028312035912e-01
1.750105911698093264e-01
9.788709792244728591e-01
2.805797694668556996e-01
7.324278998816496911e-02
2.790733632025734212e-01
7.632280516962813843e-01
9.892045623751972994e-02
2.102299028636263334e-01
2.492696771763240615e-01
8.259718298406060200e-01
8.677835434337073661e-02
2.836167710394174035e-01
4.473838665455561192e-01
8.136442450221545997e-01
2.088015511394525348e-01
2.570455458810881888e-01
6.413530178217374811e-02
3.107512285551346509e-01
4.950494977109536898e-01
1.603321955265105403e-01
3.847907596941755881e-01
3.386272329317973617e-01
4.993991537680306236e-02
4.507752250578370146e-02
1.817032634576360717e-01
6.338803160235959022e-02
1.294811522290406081e-01
6.024678162924302499e-02
2.987668648330575327e-01
7.524377620645906761e-01
4.667876988420560092e-01
1.008079947254506004e-01
6.748689836478943826e-01
1.694885097452994704e-01
7.523517257435370642e-02
3.161220863165296047e-01
6.264063054267922093e-01
1.284410677307233628e-01
1.383536875323766457e-01
7.345404936401310758e-01
6.409715517319979072e-02
2.595638210141061331e-01
1.202005873050156354e-01
9.993297327364013272e-02
3.731270215134219193e-01
9.432592418214683638e-01
2.855505173928104545e-01
9.067215655394459395e-01
5.573320317470793483e-01
6.308514593627129186e-01
8.881889882651774482e-01
4.908306090662619692e-01
4.354866163702015847e-01
6.109268098228184396e-01
7.897693620515801038e-01
7.683083210144768804e-01
6.829448719056312456e-01
2.300533681047999823e-01
8.638379968177304358e-01
8.259531046885210115e-01
7.357036735617245027e-01
7.447886513947459264e-01
8.877132670844827267e-01
4.650238930219475209e-01
8.127915960731595391e-01
9.365370866614299850e-01
3.898429816744627963e-01
6.277563381588531222e-01
5.289059026701260491e-01
7.357995483662339575e-01
8.846911806676415191e-01
8.195990768948426819e-01
5.985152896856310578e-01
9.221990077611385006e-01
3.342039827446365297e-01
2.100428740523080373e-01
9.866274785988055074e-01
8.064326930257748050e-01
8.752737021561356467e-01
5.821681292705190858e-01
7.976169075344820003e-01
7.744356496824438274e-01
6.398678678628488825e-01
7.008184913621551271e-01
9.669375919123830432e-01
3.252624192830715355e-01
5.921833830345321070e-01
5.666392360238794446e-01
6.308823759971993184e-01
7.189086755548185215e-01
6.367590360551971251e-01
6.742158565656212188e-01
6.781459234481606035e-01
9.286392505450991042e-01
4.945692666680232552e-01
