1.283716713514559515e+01
8.046328899274664437e+00
9.022763415151336730e+00
1.220212266940215429e+01
8.859767625608212072e+00
1.006658694435969004e+01
9.335095951140154114e+00
1.127364455637599505e+01
5.087559219652957765e+00
1.276814648235329486e+01
1.104503324944371201e+01
9.142747484590206142e+00
6.865012367122677261e+00
1.145847086978263007e+01
6.180649007838943554e+00
1.637021231607243266e+01
1.384373517695566314e+01
1.726292986570587829e+01
9.285753489387378323e+00
8.278432644134589680e+00
1.353402843272567146e+01
8.738156740281358026e+00
7.933088802746988577e+00
1.470202795647184857e+01
1.471639372428349368e+01
6.314095379212721681e+00
1.211436405604106170e+01
1.825628443701126358e+01
1.359443984515188575e+01
1.331177678340427661e+01
1.044067081332969593e+01
9.902007157932951387e+00
4.424918210989871703e+00
9.788712220982418444e+00
1.104536299724895088e+01
1.290730908448098546e+01
6.273200572002120445e+00
5.273311748949484290e+00
1.208837135859382883e+01
8.473278824814347132e+00
6.799820062490710804e+00
1.127553805317788616e+01
9.467591040055204132e+00
4.882035864176447859e+00
9.382309632989059622e+00
1.071287784135344445e+01
1.582833965188226699e+01
6.396581178830195391e+00
1.682282602009777861e+01
9.544381998929695854e+00
1.493578601033402009e+01
9.271154584352057526e+00
1.700936764183154537e+01
8.988799482083749126e+00
4.680035346821680875e+00
1.206438055816192367e+01
1.046975541201176796e+01
1.090675833880924017e+01
4.684906649453370875e+00
1.019497161891295534e+01
9.008935733839695814e+00
1.063014005747723090e+01
1.504132007282371220e+01
7.610979155893913273e+00
1.005645459115721252e+01
6.969059812925368469e+00
1.185152905577111149e+01
1.013396169359111276e+01
1.814357813612270576e+01
1.422346294852577131e+01
8.114231837944284820e+00
1.264981425799482651e+01
1.203856320803758884e+01
1.436076829996784099e+01
6.444778524161398181e+00
8.712071667819721199e+00
6.157299827586991015e+00
1.211272378958951457e+01
7.178920744362651263e+00
4.942507462677658836e+00
1.218580481762663048e+01
4.511787594521455169e+00
8.041398917712180960e+00
6.955998782141210590e+00
9.114237339026546536e+00
9.792390338930834659e+00
1.689849793460226479e+01
8.419994279157085870e+00
8.106645130806871435e+00
4.440807903783624333e+00
1.132216138614154488e+01
6.253890239368669057e+00
8.291268208395665695e+00
5.630338171358716615e+00
8.648503179813909369e+00
1.984243760361682973e+01
8.376958581851930319e+00
1.193841919129836349e+01
1.088145534520482727e+01
1.730798796093129255e+01
1.126784545745761790e+01
9.445273802313206346e+00
7.414118827729381245e+00
6.084874399953878132e+00
6.685550341886308701e+00
7.491139166500680346e+00
6.877322657542244144e+00
1.500994849209623538e+01
5.811159991577341088e+00
9.091370595907612540e+00
1.166629503724823280e+01
6.716138829151985234e+00
1.203169803169277863e+01
1.023652322300362449e+01
1.169177983241217866e+01
1.068682420349246698e+01
7.504584354881042252e+00
7.725645322077879129e+00
6.649108964817486367e+00
8.550344525764469239e+00
6.231559467246989392e+00
8.761574981714952415e+00
7.488818698936476004e+00
7.190878772675433517e+00
6.236029717720406040e+00
6.798842180505994648e+00
9.765121130779784053e+00
7.187532610204654837e+00
1.148045234032631789e+01
7.923584330854775537e+00
1.551661966594245534e+01
1.339691071519453835e+01
8.146705045857842720e+00
7.515115351493318663e+00
1.005507893622860038e+01
1.044024608574826019e+01
1.580272989430672759e+01
9.401421830978145877e+00
4.664186995058039464e+00
1.708853031493747210e+01
1.451379992546273989e+01
6.270040786498508822e+00
8.993340495322307504e+00
5.476070991841227809e+00
6.910972585956063341e+00
6.268838401083273837e+00
7.880740835512057174e+00
8.854539066960979810e+00
1.205894399747109702e+01
1.826306565908134516e+01
1.765583199930467373e+01
7.212487889581615796e+00
1.028090042958297978e+01
1.569943806568292466e+01
1.190378192015019465e+01
1.035297439408627262e+01
7.315448249046578866e+00
1.162603143718026999e+01
1.469491805604677737e+01
6.538605808734722302e+00
1.562540299775002062e+01
8.540135287420497434e+00
1.808185681837656844e+01
1.316672668917230915e+01
8.020193755469314567e+00
8.830422561339823062e+00
1.149199359629027128e+01
6.614998165794771623e+00
9.532068405265192723e+00
6.263089245667660343e+00
9.985015067899738028e+00
1.047444015410374263e+01
6.394213543695822288e+00
7.773773242772777259e+00
9.067685385500016793e+00
1.439811884851748225e+01
1.659831816326348175e+01
5.084190394231061561e+00
8.228999780614156379e+00
1.823318774848172907e+01
1.087205212220039030e+01
1.159308444035520758e+01
6.191086512998739799e+00
1.510383395247042593e+01
7.626093676562022416e+00
9.529525368087446324e+00
7.837461553347570664e+00
6.213845917162235111e+00
5.641079207372301951e+00
6.621614640027330800e+00
6.627905619871957477e+00
6.162306319200244964e+00
4.362806700320542852e+00
1.433373072861554398e+01
8.453194976940112682e+00
7.246354216826103034e+00
9.348321403946554753e+00
7.210484703154151020e+00
7.141243406752132650e+00
8.471363007043118287e+00
6.275242883909486480e+00
6.626333509421049150e+00
6.432332936397330947e+00
1.784908914368183375e+01
8.346514092387561590e+00
8.887382593165987998e+00
1.188831823752292927e+01
1.514491585638524818e+01
8.010736521822179768e+00
1.323109858578877507e+01
6.484006346278642141e+00
7.227506620657148773e+00
5.024482788055440352e+00
5.575057674071383751e+00
1.376484402670366514e+01
8.129513556760528559e+00
1.563091404881066815e+01
1.597499955294973617e+01
5.554293772756995651e+00
1.042540883296129195e+01
2.091720457694362523e+01
7.596397858781830159e+00
1.293938074116619141e+01
7.150612211361091042e+00
6.110046174122224727e+00
1.475505007388606060e+01
1.483617925785216762e+01
6.969821186315833472e+00
1.028399420566248956e+01
9.798495037259096208e+00
6.362113365470518644e+00
8.926744483881899228e+00
7.434986423007137191e+00
1.616208424912325725e+01
8.405133161198440561e+00
7.313463918795171992e+00
1.052284559615979731e+01
1.165501032025443706e+01
6.168877496722561915e+00
8.149302875160884696e+00
7.886657885691979786e+00
8.503706364985168520e+00
5.967216508460406743e+00
7.120998280033068895e+00
1.300220189135781901e+01
8.347322252217285410e+00
9.895636537359413509e+00
8.719467693900442740e+00
1.149952528954537812e+01
1.080125411137945690e+01
4.961729808644269824e+00
1.062329214992065118e+01
1.007925617914943572e+01
1.084719398541154156e+01
4.703076540626496715e+00
6.486349951950515447e+00
1.341678821066886584e+01
8.352747375868391444e+00
1.013125460080922835e+01
1.079500349433441997e+01
1.152279898383074652e+01
1.515432061726410673e+01
1.064550385449974357e+01
8.142391929869047473e+00
6.632512941329553158e+00
1.072373103960512175e+01
9.629459713206857785e+00
1.965101344761004754e+01
5.278683468857454208e+00
1.201241676837085492e+01
6.540830059188555090e+00
1.511283272318967263e+01
9.475125373496442904e+00
6.787564239076368189e+00
1.169788075241612191e+01
5.366748336957042120e+00
1.471371457138530481e+01
6.593523532774228535e+00
5.198954175783427445e+00
6.011980803175216437e+00
1.042923911954337335e+01
1.657751822396225450e+01
7.903603129415344597e+00
6.569672908149441604e+00
1.055316476642846268e+01
6.249879125378334344e+00
1.235099294676096271e+01
6.484085293802571925e+00
1.352004063078260465e+01
9.537909353873828877e+00
1.577639766344489836e+01
1.837101144528953256e+01
6.476712540024192499e+00
7.100096490009618400e+00
1.393931324643335046e+01
8.042223993993113496e+00
5.921618355498898367e+00
7.262573653817611330e+00
1.607300035800399840e+01
7.984493406080777511e+00
1.354220528918119903e+01
1.387380275665863572e+01
9.101564123060828848e+00
6.046958307448768721e+00
5.640074370569142737e+00
1.216273708892981276e+01
1.388286593130457014e+01
6.307778739131022050e+00
1.082562305812749237e+01
5.609153125744107626e+00
9.179065612797028706e+00
7.131672476939439953e+00
8.553344781839136601e+00
4.889106863507580059e+00
7.619217894680036629e+00
8.958422720957814889e+00
9.989704293180837524e+00
5.700884533657895048e+00
5.627299187917124357e+00
1.135210427298174629e+01
1.364602659319250044e+01
6.171338456794889460e+00
8.112209467500994364e+00
1.221958685847670800e+01
8.289604549560694480e+00
1.142310177204167765e+01
1.080177457447594769e+01
1.011487921630385500e+01
9.848913073705785948e+00
1.020846230409509658e+01
1.724381673856258956e+01
8.203096814065075293e+00
6.558068528857972090e+00
1.269410590402119432e+01
1.308879997418977403e+01
7.986637727886852112e+00
7.336293939422026789e+00
6.703498107573468090e+00
7.341202633339235284e+00
1.012779759801179758e+01
9.955120365476565425e+00
1.580496780117033495e+01
9.799406604759546724e+00
6.436387292690905149e+00
1.107136591717812912e+01
1.468478895758115499e+01
7.052721844114435257e+00
9.600797425445934508e+00
4.749163462791405443e+00
8.514348513967652465e+00
8.482577441133244633e+00
1.653960120969646752e+01
1.609825310797442555e+01
7.480470074414903081e+00
1.283624495623044304e+01
7.544299460845917515e+00
1.898148134058515168e+01
1.386837538236261835e+01
1.600436111903705338e+01
5.438598936551342966e+00
9.177264373446250900e+00
1.165594013550226293e+01
8.124209007226555812e+00
8.103360157256803475e+00
1.250836331265292145e+01
1.471664586903075644e+01
8.262203626231565678e+00
1.485960214557588444e+01
1.114362734420757128e+01
7.180609100526570643e+00
7.273595596263031204e+00
5.686663599968532878e+00
8.907404351245570950e+00
6.535588079945257256e+00
7.407030769932603675e+00
6.728339144685121731e+00
1.054649430374339047e+01
1.420388742675175386e+01
1.174405675469555099e+01
1.011323254050886611e+01
9.775262143411307392e+00
1.576068226908793690e+01
9.430931244349705977e+00
6.572743842000680736e+00
6.238779985437461484e+00
9.443959699160458854e+00
6.955730475776273458e+00
8.142198165814187760e+00
6.246008979592331478e+00
1.005813823946873065e+01
1.855024969948599889e+01
6.016991449597372643e+00
6.326164612996694636e+00
6.185039844593537950e+00
6.359970720086812968e+00
9.759150452571985213e+00
9.851408688962905558e+00
1.667250153485176511e+01
7.539907717473655069e+00
1.063581768341991562e+01
8.234325314125261031e+00
1.268895157243496996e+01
7.787391708203801777e+00
1.100591931191381079e+01
1.137219976236235652e+01
1.223859399726545760e+01
6.661837833794254315e+00
1.212363236676912948e+01
5.627544662427155231e+00
7.017793393383866096e+00
5.190488842455094343e+00
6.885691874326335338e+00
1.147859525114598434e+01
8.228722511873604262e+00
9.794697751716459067e+00
8.785109103170301026e+00
1.206334055958562601e+01
4.399748392109970041e+00
8.584244331499688130e+00
7.908190958581885255e+00
1.181844281206731040e+01
1.036442620871066467e+01
1.171672857970692938e+01
5.020556387229843764e+00
8.748780943218720907e+00
6.167152512963643751e+00
1.362676943237264737e+01
8.344223318340185713e+00
7.332495764643549130e+00
6.130433435465630687e+00
6.681853266064840646e+00
7.130960003673190606e+00
7.467078344251702582e+00
8.667837729822725379e+00
8.804308479478670790e+00
1.130896534353523109e+01
1.480293485959886191e+01
1.304956791062178922e+01
1.349922206918365752e+01
5.619916456169486985e+00
7.929004488879774826e+00
1.091442661592679642e+01
1.238880405719450195e+01
8.214748298475893051e+00
9.763751413334849971e+00
1.090000676012697411e+01
6.269463172139653651e+00
1.319989863113997153e+01
1.042737406176618542e+01
1.214253007195208589e+01
8.670850062099283662e+00
1.055297096709282378e+01
7.693037231494971984e+00
9.479313019792680706e+00
8.798890609937602747e+00
7.951615890320983482e+00
1.541460479788279869e+01
6.229432274277965753e+00
1.019616821213004698e+01
1.164493354912212020e+01
1.261551406632349348e+01
9.984464954121094138e+00
4.691033983999296275e+00
7.678363795144398374e+00
8.078535934603580770e+00
1.154379303641165322e+01
1.652678656453645445e+01
7.825390761268733897e+00
1.098189986626549164e+01
1.348211139297763594e+01
7.048787377686072553e+00
1.369146614123735795e+01
8.732359096415155619e+00
5.573794952378531065e+00
1.315525877693662693e+01
1.028344469061560673e+01
9.382249981551016305e+00
6.955453684139460080e+00
7.888885766524266430e+00
4.830443410052560615e+00
6.705263037649016766e+00
6.267258889161928970e+00
7.116988440344319322e+00
1.264848302959921966e+01
9.713999706662782785e+00
8.175322734220824117e+00
1.047564518388975507e+01
9.577625791560546276e+00
6.471141467921169621e+00
1.768403216866035876e+01
1.143222829504492744e+01
1.488985751988349548e+01
1.111321285264072678e+01
8.869046866709895838e+00
9.312675275994731550e+00
1.247204219178036944e+01
8.258131742101287642e+00
7.055551464045685783e+00
7.590083826544160139e+00
1.008802633653610847e+01
9.466751236045174878e+00
7.710603956892366107e+00
1.344303280304615456e+01
1.636263281558061067e+01
6.475123045623791818e+00
6.651321346294387205e+00
5.773384302568275395e+00
8.072438319516926697e+00
1.037743693638978826e+01
8.925594185309899231e+00
1.141399185683015638e+01
6.750846236337347150e+00
8.522015509824107937e+00
7.409834538580533092e+00
1.625618088275937723e+01
1.261234319746261789e+01
5.619540905939612863e+00
8.395411086457587047e+00
1.045316240532081054e+01
1.318335652073541908e+01
5.802183536280999476e+00
1.600084395870056397e+01
1.385544071632784657e+01
8.711587766997467952e+00
8.901611151618016748e+00
1.481362102716516738e+01
1.208259745971686172e+01
1.303910366072269511e+01
6.975778458443560481e+00
4.983391846899564825e+00
9.520831236971455169e+00
1.092741908714938148e+01
5.675107298226082619e+00
1.065339754328979893e+01
1.611964018621142358e+01
7.773369031570975807e+00
9.064955539484495617e+00
1.399061045150391358e+01
1.240898572123027144e+01
8.138456750973480425e+00
9.933043389597175477e+00
1.663573478857220422e+01
7.527142804000680698e+00
7.951373137332280017e+00
4.421540109948653097e+00
1.058235512571475567e+01
5.382617553722854886e+00
6.955869247545628298e+00
1.040116360083722924e+01
9.450898292858438410e+00
7.070980102300814529e+00
1.000468124805014725e+01
9.231065544608695106e+00
1.063200504638444954e+01
8.815428805149998936e+00
1.318145355102000948e+01
9.116294034672156599e+00
1.353532345007741355e+01
9.384454491234526685e+00
1.399383886970227131e+01
1.512003226635362729e+01
1.639406447604851280e+01
1.063044218574372302e+01
7.633132214212008826e+00
1.152278717607842218e+01
6.683233473310104422e+00
1.106706393394595267e+01
1.580957749413862956e+01
1.264406842869826164e+01
8.276967548256775942e+00
1.364048528410336480e+01
7.702457192653062279e+00
1.169094337039256537e+01
1.142276650323234755e+01
7.137575199652863134e+00
1.063893211051440346e+01
5.794708774588497313e+00
1.018512242199324547e+01
5.696630847169823042e+00
1.383090675782565526e+01
8.458591726766705676e+00
8.610685278403993337e+00
7.954162338905894636e+00
1.197582589409023690e+01
9.817512198134338064e+00
1.001485845462996771e+01
9.233698857098062263e+00
7.693839739175330372e+00
1.858491061060230720e+01
9.770148167237140413e+00
7.115311149843321914e+00
7.628929325664864258e+00
7.598788355242382053e+00
5.701319881971354420e+00
4.922359618807505832e+00
8.020976048361227129e+00
9.427793902426959249e+00
1.160255692281836915e+01
1.237982294724040777e+01
1.516940602115821335e+01
1.240063695699497082e+01
8.148452313760746080e+00
4.899606612091764291e+00
7.099111208011517071e+00
7.070672388517048823e+00
5.147136997338815689e+00
6.982947357166929159e+00
6.555215236936880352e+00
1.173578616739828817e+01
1.190713744060436063e+01
1.204773092507521959e+01
1.774188092903242620e+01
1.227766555657109038e+01
8.329873069741340785e+00
7.055997714651860875e+00
1.131648886263769427e+01
5.589422108122919397e+00
1.508127348635300358e+01
1.492401036364448252e+01
6.521365615460595677e+00
1.468665406789141947e+01
1.177263391697531603e+01
7.767526633183707396e+00
1.142684149340041699e+01
1.769341064465671920e+01
8.456206775228451988e+00
5.703540122695038406e+00
1.815030380764366669e+01
9.921858724873674262e+00
8.606443162481721032e+00
1.714201332038312486e+01
1.053265441270919567e+01
1.068211402922236886e+01
1.020784972911098620e+01
7.225128304812459490e+00
8.386091535593145352e+00
1.138775338575589657e+01
1.461089511493288917e+01
9.856185366296996264e+00
7.845625417127874535e+00
4.885913286250446852e+00
9.736786523923335324e+00
1.455792008453344266e+01
5.624665533789555028e+00
1.908731175103647004e+01
1.137973806737463889e+01
6.199199734535310924e+00
1.278215786524155817e+01
8.999310594138426822e+00
9.682777191025204289e+00
1.005999220693481533e+01
1.222339628712074422e+01
8.418242683853426556e+00
9.450553224330224822e+00
7.573925643781475259e+00
1.335075021636427017e+01
7.181246476411904389e+00
6.239234964250980120e+00
5.720992497811066002e+00
9.302164713527918849e+00
1.826942178642367409e+01
1.249423113823927345e+01
5.967563760251238136e+00
9.738127140014023908e+00
6.807739142235631036e+00
6.959811799146694788e+00
7.064466320888511675e+00
1.096752580913763353e+01
1.116023178522025106e+01
1.302550004372640480e+01
7.681763451501837814e+00
9.186174295258922484e+00
1.303844295407806264e+01
8.900742049622667906e+00
1.457275304024193652e+01
1.135498461225988009e+01
1.208093005168469247e+01
6.023299285726336549e+00
7.853540764660007945e+00
8.492785212235485659e+00
7.781815164990472766e+00
1.049326250500961777e+01
8.989338018761333871e+00
1.322146012538193283e+01
1.655195934466260255e+01
7.932482991120898497e+00
1.082748440401613443e+01
8.520940215148815611e+00
5.066418422043173386e+00
6.110446990557879765e+00
1.428855914216414291e+01
5.283408005471148527e+00
1.171266565401515614e+01
6.203749757214082727e+00
6.507139337707934068e+00
1.637696436345129314e+01
8.171078854590120955e+00
2.005575497658722384e+01
1.417487553676124179e+01
1.242618102275054603e+01
1.174851528053470950e+01
1.014494379920290790e+01
1.227445684097840761e+01
9.755715663293266005e+00
9.320646850268996531e+00
8.527053183680504134e+00
7.392692673465535158e+00
1.068790746311224993e+01
6.996694534212412719e+00
1.108700468925592908e+01
1.081409385160953462e+01
8.111920202368375854e+00
5.466580926377954341e+00
5.557317850178085550e+00
1.041911775917782812e+01
7.112865264944103316e+00
1.617434514301123727e+01
1.377232773969395119e+01
1.162137989723500375e+01
8.261106053138405514e+00
8.327132472485656578e+00
1.034407718186286829e+01
6.889227910756356543e+00
6.802993089761857348e+00
1.040870305376577853e+01
1.165713682744813973e+01
1.181431748104933632e+01
9.062642180607575426e+00
1.107585826972966991e+01
1.353769677439562891e+01
9.491703083512062378e+00
6.404591631775630844e+00
1.187481008697664464e+01
8.142265731335553980e+00
6.293139025862259039e+00
1.201014159593678698e+01
1.657181194278087588e+01
1.272491749978640385e+01
8.802290011591736629e+00
9.229139448776207288e+00
7.066066384000960099e+00
1.313266983190349535e+01
4.600735607261856153e+00
9.500813597941624167e+00
1.025160444635924684e+01
6.733964858963939371e+00
6.556204273770713797e+00
9.580580995144181600e+00
9.652788605393030963e+00
5.342011072838250385e+00
6.243171822223136935e+00
8.313500281593141139e+00
1.116626244506919363e+01
9.151483834093488312e+00
1.125602954881429518e+01
8.342206626700674477e+00
8.461409204178311327e+00
1.616511962516012346e+01
1.753920711960000034e+01
7.341949480324403865e+00
1.159253562057215703e+01
1.079334008566158687e+01
6.803230941465296944e+00
9.165506647011875785e+00
1.553693634154758207e+01
1.187532608078151952e+01
1.780565619959840973e+01
1.076905357102508098e+01
6.060571802188285062e+00
1.532885980710939222e+01
9.754048182868901407e+00
1.071587264131759021e+01
8.744758048919795357e+00
1.219039899223386492e+01
8.135874064979402576e+00
7.662783157127432077e+00
7.245470263135868727e+00
1.695237640188219075e+01
1.189667515694061883e+01
9.538549268625990507e+00
9.072937077587720722e+00
9.655019467336076744e+00
6.604060912352743173e+00
9.997341324661091377e+00
7.284597205131688291e+00
1.122215802601215628e+01
8.551297196660465616e+00
1.545875510271519993e+01
1.575083735320025546e+01
8.230925360558510206e+00
7.176920820331242012e+00
8.098237199759841687e+00
6.659870499186498094e+00
1.615223977984130599e+01
8.825548849225485881e+00
5.070966613389197519e+00
6.778118294416067613e+00
7.154917130121944524e+00
4.815898180075461887e+00
7.587201171530503885e+00
8.743861813254202531e+00
1.174103914276242300e+01
5.386516761499940742e+00
1.127386909746683230e+01
6.546969733447095763e+00
9.816807163817953708e+00
7.119212234373533121e+00
9.772240873250316540e+00
7.951710900625025502e+00
6.182397967430606656e+00
1.270326311441472100e+01
7.580417458448621915e+00
8.063922293399633290e+00
1.011113477125977766e+01
1.595583851109885387e+01
6.921682197704778439e+00
5.563229735619582783e+00
9.306086731226752562e+00
1.237866081174753141e+01
6.243540532736119530e+00
1.090903139280550072e+01
1.416322739931999841e+01
1.081615374147009412e+01
6.245366284490097009e+00
6.579084233763928147e+00
5.480235182353798251e+00
9.527464106501199126e+00
9.539672667278086493e+00
1.726645026470028199e+01
9.973060907864779168e+00
9.869466951611061134e+00
1.070895967009608185e+01
1.057115824086526601e+01
6.798447386899373335e+00
4.938081927745282762e+00
5.079580757481562792e+00
1.247091372965293843e+01
1.075809354631550185e+01
6.825011864785718529e+00
8.633167588992488817e+00
9.216731447521253173e+00
9.249426531690174258e+00
4.559930693097716592e+00
6.184795412091597555e+00
8.754719340664275151e+00
7.062546218695543665e+00
1.476103331822318410e+01
1.123954795472495150e+01
1.072198918561065284e+01
8.152871419573386902e+00
8.192701296276855061e+00
6.156338168438376002e+00
1.302249121634820561e+01
9.345541602722521546e+00
7.040994663727318859e+00
1.129609687476044755e+01
7.872665292480459875e+00
7.176468933082753132e+00
9.078194124983854252e+00
5.257540753384339460e+00
9.111753549572963351e+00
6.474489248979995004e+00
6.882378657734841809e+00
4.701059308718364527e+00
9.487381878832627180e+00
8.115435672611006623e+00
9.399310171326677121e+00
9.365578657253916361e+00
1.222325320789262371e+01
7.371192501290757981e+00
6.086348184148618223e+00
4.527499632190248313e+00
1.265162364137303541e+01
7.090153649217366905e+00
6.016868601752287660e+00
9.848988462474187244e+00
1.236732388831855900e+01
8.595074672629372969e+00
8.520319752094485111e+00
1.177124299609305780e+01
8.928158595135963438e+00
6.965750083471309750e+00
1.026753853817846718e+01
6.075329451737975006e+00
9.910952445967078361e+00
4.325611273430051362e+00
8.549668466656754617e+00
5.006562793546125434e+00
1.066872175876448381e+01
1.282769321960074826e+01
1.818182389668831789e+01
4.652526416286194788e+00
1.501755286925195421e+01
8.210708154169477524e+00
1.126305334897549315e+01
1.128882308788970334e+01
6.018898695570249480e+00
1.048076435462342104e+01
1.289238146654303918e+01
1.164457866927227414e+01
5.845028980620540437e+00
9.585273095733350956e+00
1.140737728275202834e+01
1.433356664319437890e+01
8.454467174576814514e+00
1.196590613368047151e+01
5.551342247178788547e+00
8.404818131456144314e+00
6.448143901597803485e+00
1.039640912984933330e+01
7.392712086752557532e+00
7.753936893481870207e+00
9.997774500533523678e+00
1.790447951000802007e+01
5.439272384648141667e+00
1.110839957059452665e+01
7.250573494158937926e+00
8.316099332169674341e+00
5.752712540102162819e+00
1.449568506121393696e+01
4.673919527076557223e+00
6.229323980162755348e+00
9.085081152478121425e+00
5.260226477015587321e+00
5.299286687412189778e+00
9.366894685517648256e+00
6.418429905514877909e+00
8.717419852790406765e+00
7.758736327797090659e+00
1.166758246868762328e+01
6.642293097742058450e+00
6.985224263745674733e+00
7.529633317343154886e+00
1.520880476585899466e+01
6.913441634156086479e+00
8.294948816112484025e+00
1.123701980787970101e+01
1.152084969696534422e+01
7.930477488838085343e+00
1.063676954407781317e+01
1.295267806253765919e+01
1.042392473382281359e+01
1.167920821808454512e+01
4.818482711001692564e+00
7.374265730562951759e+00
8.089272793780992288e+00
8.611288206831185121e+00
1.059291062494520475e+01
7.609973138483739241e+00
7.523110804070488378e+00
6.192103367527378666e+00
9.183875234332127491e+00
6.185491210203250212e+00
6.041490570261152548e+00
6.299005310780183997e+00
1.107962491976210728e+01
1.109449285684557474e+01
8.914815826840753132e+00
8.808158160539406367e+00
1.069763196707899233e+01
1.717334363042159850e+01
5.664169516065642007e+00
1.003125972151078749e+01
5.919749052640338682e+00
5.749979492275297588e+00
6.715131056899076967e+00
1.395933414926384053e+01
9.109637313444705953e+00
1.244172969371593673e+01
9.275107547531256103e+00
1.324149001014916216e+01
1.029356090920970779e+01
1.239354313533988972e+01
6.396955352372181380e+00
8.161894808862211192e+00
6.407842979738389566e+00
8.499540366807627478e+00
5.738946827948185891e+00
6.558198601098552238e+00
2.168678063007780210e+01
9.040474429111711174e+00
7.481581382718191620e+00
5.921622481958020323e+00
9.488296871251979070e+00
9.357614532055897882e+00
1.041461393536934921e+01
6.343362257153122741e+00
1.257684420114269308e+01
1.505789040865271922e+01
7.254516393828533083e+00
1.404833257644814282e+01
1.077724208389719607e+01
1.612010702385368788e+01
7.497793418700743118e+00
5.848139510236764593e+00
7.336925038378904418e+00
4.970283958280901970e+00
7.622022774333804485e+00
8.842911627063511304e+00
1.329066959741826182e+01
1.227299283092421689e+01
8.129651917577543685e+00
1.205053105011358916e+01
1.103946540310827196e+01
4.397543760444387217e+00
1.050033103389382738e+01
1.201726659728199920e+01
8.532403270911979476e+00
8.392191682982939938e+00
1.130745340172767932e+01
1.050885052504654915e+01
1.064159097385918606e+01
7.554443699437804582e+00
1.177559395005381404e+01
5.200585134721228187e+00
8.224910380825029677e+00
1.153187657008724187e+01
7.150382575885386949e+00
1.328466335734571224e+01
8.847805700504636661e+00
6.927295283816155447e+00
9.098493001842230754e+00
7.655081361995267564e+00
1.326070534079769736e+01
7.222811754696413900e+00
4.884732811018154486e+00
7.015709587787966939e+00
9.390537683248910028e+00
8.530491811433135396e+00
1.542225258849919811e+01
8.079351878254231067e+00
4.957124720505023951e+00
4.124952118287208869e+00
1.374446313304976641e+01
7.960808703317313828e+00
9.788011996458006791e+00
6.600358220842089452e+00
6.902034945812595801e+00
1.167724466663405813e+01
6.441940814337851151e+00
1.719173370591774486e+01
8.517513478629716417e+00
9.504237085423287823e+00
1.201984601584408630e+01
1.008399717924410588e+01
1.066951267276212789e+01
5.350088724752565028e+00
5.584281009419656883e+00
5.599317762285129341e+00
5.896783552923219318e+00
1.202807938149658717e+01
8.502185830355282192e+00
7.506963639334922611e+00
9.045404908982913383e+00
1.026828634047913980e+01
1.580797551714618265e+01
9.543350058282401349e+00
6.755359455033328686e+00
8.381492801502556489e+00
6.055268678616507749e+00
7.778561329243848910e+00
7.412349556791841820e+00
5.724184340022739015e+00
1.706949085715836034e+01
7.784071642295133486e+00
7.918383750286614564e+00
8.449193538836027528e+00
8.551316613175547587e+00
8.849740784663575610e+00
1.306655700537315568e+01
2.009893829399679888e+01
9.934980706953689733e+00
8.756712699842648107e+00
1.040467495845203594e+01
7.076702654304176221e+00
5.487586591554095783e+00
8.765243808952774884e+00
6.877775653290932212e+00
1.353006799068337607e+01
2.029556630031091657e+01
7.585507242224807989e+00
1.399514958876381598e+01
8.687527423050866560e+00
9.011348406533047140e+00
6.790507997654453121e+00
8.210813526909333859e+00
1.217823612749320006e+01
1.577306395709428521e+01
6.196716906853104057e+00
1.484746582978685403e+01
7.388422193601162036e+00
1.077467147645446843e+01
8.207444949920255084e+00
8.080740855043281101e+00
1.081253245834538568e+01
4.419263756913527352e+00
8.762747476982845285e+00
9.488388611444715792e+00
5.462927546251341582e+00
1.091151286666275588e+01
5.165614732454052671e+00
1.248933122184140387e+01
6.090651589587412928e+00
1.370004084625579921e+01
1.074320502542837730e+01
8.817498303656941872e+00
7.328032948135894564e+00
1.275431511512920046e+01
8.643786288557253172e+00
7.881237051007967231e+00
1.234661071415516886e+01
1.003267814666621049e+01
1.335910705813035548e+01
8.865890029180990339e+00
6.155777403907824130e+00
6.686728169693536117e+00
7.400226721548166076e+00
1.272387470958238787e+01
1.297209097796085331e+01
5.262634264671204321e+00
1.407367243004599366e+01
6.158141206930374700e+00
1.010837821694568639e+01
1.171430757630411890e+01
1.482907269128701699e+01
1.759688302675217741e+01
1.618948844837728629e+01
6.327943271838283756e+00
1.205600755404601010e+01
1.192148176476397481e+01
4.887461917155937030e+00
1.133170634006495092e+01
8.203267030746497213e+00
9.108709482650725775e+00
1.610478020049059111e+01
7.455383304124713284e+00
7.192262374036168637e+00
5.654264629135479225e+00
6.000340435384587501e+00
1.058927091463016978e+01
8.234434789069377203e+00
8.794297824506179140e+00
1.422815791844215916e+01
9.843599097898410477e+00
1.060545747843817388e+01
8.980206906361464902e+00
8.995116176158559185e+00
1.292750794579762363e+01
6.978007414053098323e+00
9.902215476030745478e+00
7.699752809958407163e+00
1.112827445471585541e+01
1.292572721744507014e+01
5.572393510591765242e+00
9.146690705708891755e+00
6.146405462327881430e+00
6.684053202315647368e+00
1.705905483223140351e+01
9.119499095817609202e+00
1.670933002773046994e+01
1.873551939589226123e+01
7.472797368624692460e+00
1.042346236974765894e+01
7.734714694252238232e+00
1.176615603765390183e+01
1.173823458822279875e+01
1.108237998923099887e+01
1.156476523064712048e+01
6.623574106083329305e+00
9.346125917544771511e+00
1.364022479529172571e+01
1.693594186871042240e+01
6.363290736178139895e+00
7.611602214439303182e+00
1.223931336243799528e+01
8.760122679920888444e+00
1.994779047374573722e+01
8.935562800178525222e+00
5.849421685866456500e+00
8.920682245159518686e+00
1.096654915644390016e+01
9.623020555271807552e+00
1.198353153286869599e+01
7.845162897374758693e+00
7.020398531888094595e+00
1.124673515677691249e+01
9.182707340647553451e+00
1.257206561809424983e+01
1.334380790596247479e+01
1.112516239734956613e+01
9.429555505352061218e+00
7.859122451669963816e+00
8.878826928767431070e+00
1.067521860531122968e+01
7.050919105133762521e+00
7.609941938210282864e+00
5.656986721885865599e+00
9.449151465295530627e+00
5.545106770561374354e+00
1.108956851019576995e+01
8.372772640326163085e+00
9.131392842639682428e+00
8.668698195821461283e+00
1.015365085508357623e+01
1.333157359543595000e+01
1.251975778702798969e+01
1.093478983825388795e+01
8.316225142945441462e+00
8.595471191394723931e+00
8.578261118500522642e+00
9.764551989967747758e+00
6.668475434669300483e+00
1.011981038903746111e+01
1.222536235761884882e+01
1.234350005619567270e+01
9.399312818084684551e+00
1.604550164991728778e+01
1.146157966094994052e+01
1.539412179052952645e+01
1.304512186898021397e+01
6.187102954003409039e+00
1.279993330598688850e+01
1.622122953483633268e+01
5.976153065148058552e+00
7.493150602396216442e+00
1.113379016430297597e+01
1.354819599812349473e+01
1.075179773588321375e+01
1.134131953228041567e+01
1.054379000669359812e+01
1.065452852477291756e+01
1.320744002671654549e+01
1.535498486709266075e+01
1.623994297894320127e+01
1.370759694772259785e+01
1.032475170103394646e+01
1.048305818725396144e+01
1.493741775619999324e+01
1.298174415052082686e+01
8.715295061106083097e+00
6.527474192789554763e+00
1.262387402439304473e+01
7.172379691216656639e+00
1.578749534288548517e+01
6.615887615797511501e+00
9.979333982238696166e+00
1.757569843207051008e+01
1.273296414876175575e+01
9.799146363680794281e+00
6.396344924606807147e+00
9.000653513105094206e+00
7.294722445343325923e+00
7.876275951997850910e+00
9.505039827298894295e+00
4.448845760380449654e+00
6.165115682854672485e+00
4.657726892158578380e+00
9.804611208022842916e+00
6.069911770117749406e+00
1.707250622798203565e+01
1.026822269575494850e+01
9.543366464656994452e+00
1.293560460888758179e+01
8.203319285952670015e+00
5.621985557187184845e+00
5.728737959832815640e+00
1.099213918465235196e+01
8.872193182543812284e+00
7.435799146217669353e+00
6.319889377322207125e+00
1.261213352634916163e+01
1.082521398347154751e+01
8.592276947325807157e+00
8.536006440925744343e+00
1.026680096706872547e+01
7.534143469438435936e+00
1.163680852746678163e+01
7.105625714329930176e+00
1.588126409096253333e+01
4.098872970878903566e+00
1.179328744206978286e+01
9.056097734573860691e+00
1.059784813168891660e+01
5.594775334308410564e+00
5.607274517545765669e+00
1.396711346053651859e+01
9.638768290239196901e+00
9.239528798016248601e+00
7.981160899476678949e+00
1.043862407208698251e+01
1.196091341104564343e+01
8.180044608550941732e+00
7.522526943985265113e+00
4.519705757195155549e+00
1.181222168005455764e+01
1.605045819216741165e+01
8.818909127384801039e+00
6.566381349067544448e+00
9.534465964770767243e+00
9.736047464621581327e+00
7.918681224331876933e+00
1.048374184801209807e+01
1.169947212834536820e+01
9.522850567642917596e+00
1.138886576428784636e+01
7.034856905441890795e+00
6.298435137721249966e+00
1.232518521923720378e+01
6.032069392910242023e+00
1.059070770924371097e+01
5.944974289136006007e+00
8.924412715798096585e+00
9.378545144576381887e+00
7.348983513779700161e+00
6.251970828863904650e+00
1.081557729529551892e+01
7.041607643035678876e+00
9.635508055452795872e+00
1.038916020434244913e+01
5.973408976457070807e+00
4.691346101105631661e+00
5.028500584829464159e+00
1.141726441795015212e+01
9.277389224176125992e+00
9.598985774169097596e+00
9.398483647750142111e+00
1.328911949097703449e+01
5.430557108913530939e+00
1.135381707824912567e+01
7.827037135780947175e+00
7.341046536602936712e+00
1.031060809852683668e+01
4.877268907404574527e+00
1.066633813974750566e+01
1.058644309751149137e+01
6.855094233827067285e+00
1.363085357227069494e+01
8.308086532620750475e+00
1.345256696000605245e+01
1.237094315084500273e+01
1.203676765504196133e+01
5.601854387827679638e+00
9.292779975006586923e+00
1.111621269998334149e+01
8.742822694308660658e+00
8.874842557485463246e+00
5.615178205738934558e+00
9.447488817976536168e+00
8.937979053002550245e+00
6.633111708130646100e+00
1.105961075435125096e+01
1.370425157110240377e+01
6.508873336066606896e+00
1.778355578779393653e+01
5.933362192855463846e+00
1.650047405656598443e+01
6.308720117033364438e+00
1.357063401439077843e+01
9.568829069179127345e+00
1.821616754240850966e+01
1.266531292474145332e+01
9.075891867845390593e+00
6.165431994901998003e+00
1.084553311477647775e+01
1.279207517694410257e+01
7.036414915806334491e+00
9.536194066296204142e+00
1.176245494860454421e+01
7.781319437680137341e+00
6.100753640181369342e+00
1.439397368192720883e+01
7.520677800605396257e+00
1.307140562599244049e+01
6.329068445552493927e+00
1.099295095109665610e+01
9.645377215214420374e+00
1.033189365415393546e+01
1.192528743490111687e+01
1.312393083821899431e+01
1.014382221235685222e+01
8.220780597187152594e+00
9.260915044162787879e+00
1.089701834247679280e+01
8.216050564926204558e+00
1.201201448320990650e+01
1.529173551205795434e+01
1.048541785421803674e+01
1.153737518320964206e+01
1.363348299737027070e+01
8.677203264401574856e+00
7.915595921627085474e+00
1.108463090524020167e+01
6.544707761907063492e+00
1.567019407746885129e+01
1.096273744564821406e+01
9.087295982001549532e+00
8.969130399360997430e+00
5.279697453483229275e+00
1.966989920469497832e+01
1.150569146065325654e+01
1.149179914439139338e+01
7.465639874306493340e+00
4.791857174206672454e+00
8.849488698769674144e+00
8.958046306667389658e+00
4.331636844325657876e+00
6.907809830778152360e+00
1.191158200252611365e+01
9.042080978769641675e+00
9.303474250824342207e+00
8.058566700185936682e+00
5.991232263586272921e+00
7.991596550955016198e+00
1.704795332247074668e+01
9.860641029934891222e+00
8.072152476265127774e+00
1.485184037118855827e+01
6.620341428426613994e+00
1.025266241598800754e+01
6.481655684562581676e+00
6.882161244767643460e+00
7.995174969136432885e+00
5.136775733780567954e+00
7.048430834898296915e+00
1.584384513210992829e+01
8.522805292402411581e+00
1.264670941039616991e+01
8.707473056046817206e+00
6.379435863003679152e+00
1.209705986872441663e+01
1.055994300285666121e+01
8.775086377828211326e+00
6.045275918868017406e+00
1.467864058256471615e+01
1.089573724459349080e+01
9.592466591712696555e+00
9.877147975770837363e+00
5.801008552137877139e+00
1.690455790579741446e+01
1.237131843953502219e+01
1.448408790875822305e+01
5.185757234709785557e+00
9.031423939403275369e+00
6.150635998344553990e+00
1.172785273926687566e+01
1.086663730289436636e+01
1.005371516762867579e+01
8.562287961860121754e+00
9.810192091453695085e+00
1.299524614554015223e+01
1.097795329273259846e+01
1.171734293127220639e+01
1.048230539892266400e+01
7.424781294477535099e+00
8.099897495308493234e+00
1.042873313361729970e+01
1.104061188795643567e+01
9.296087927754204117e+00
1.140027844047056327e+01
1.031241888006321972e+01
1.522922703300623759e+01
1.725670205781632305e+01
8.490137207808185593e+00
5.343683728006845435e+00
8.745995565116130521e+00
1.274583639712213312e+01
1.067734262671058687e+01
8.429714221653284767e+00
1.231336167105710011e+01
7.814206661454002223e+00
8.592859815987594629e+00
1.025131139821506743e+01
6.127252336024293200e+00
9.268400350527777221e+00
5.663316471238536209e+00
1.265701177361256491e+01
9.234610564162307966e+00
1.310624503330063284e+01
7.163859047054327966e+00
4.292937052004485388e+00
1.357783892904981826e+01
1.177138892227615585e+01
1.288049111094830934e+01
7.283719614900298289e+00
9.963802393259026502e+00
9.683250207371624896e+00
6.703088862019366267e+00
6.756368706232469989e+00
8.110835904602000213e+00
7.481430274453921392e+00
1.275662928566693033e+01
6.685769089066462278e+00
5.381423992255631283e+00
1.084058446261285802e+01
9.996834494522998327e+00
4.914593382738326355e+00
6.078459361879794187e+00
1.557163896193896058e+01
1.172280177914978694e+01
9.884786400233721793e+00
1.170193823183442738e+01
1.293662304395979845e+01
1.927299675206974072e+01
6.497817056497818378e+00
1.093103061945139842e+01
6.534222618097701663e+00
1.136317255568370932e+01
8.434107223975789935e+00
7.909115422187642075e+00
9.561692279474922174e+00
1.837296055121181837e+01
7.014110994655012199e+00
9.491572397380556581e+00
1.615235027992685701e+01
8.971142917454759669e+00
9.228245897820313459e+00
6.477636750971248247e+00
8.950820489900170429e+00
4.476909643912075687e+00
6.338245269650022884e+00
1.094972857767686314e+01
7.429930566483558430e+00
1.054617660265777879e+01
1.012603196690534268e+01
5.278189386404402939e+00
1.335576874476837439e+01
7.970519092392029492e+00
1.021025023565471201e+01
7.780617210766812342e+00
1.949054651487946899e+01
6.804089288983612427e+00
6.890056810956198596e+00
1.551289418054302693e+01
6.151656560058122558e+00
1.397739354157844360e+01
1.387493371694653810e+01
7.318947540341253166e+00
5.762974467830660252e+00
1.195076597682265884e+01
1.564186660225387371e+01
6.867322237873073831e+00
1.087665745594861733e+01
1.302383735599576831e+01
1.189734263661298996e+01
7.595709449044934836e+00
7.402996361717494977e+00
1.117839116880745998e+01
1.030816799450989585e+01
5.742310099792047318e+00
9.960759232608294766e+00
7.674858870867392824e+00
6.017006771279374000e+00
1.949977988099856319e+01
1.014890421434718526e+01
1.285133661964593088e+01
9.702313839756088854e+00
1.742996411717774663e+01
1.632708411478508381e+01
1.812482832812324673e+01
9.114812969768898654e+00
1.232344870270086901e+01
8.785208099855481123e+00
8.752463215891783221e+00
1.046800650829577428e+01
6.052417194847203419e+00
8.437102923869586490e+00
8.986812982280287798e+00
6.562659048661124039e+00
7.882233409726895346e+00
7.284633217837170882e+00
6.737244785721995477e+00
6.107636420466927341e+00
7.832331771635541173e+00
6.732303484166059171e+00
1.537046428781008167e+01
7.101073463035196376e+00
7.004996797775481454e+00
1.295163156729798182e+01
6.590954385998292864e+00
9.385138789676021887e+00
8.917251018988613609e+00
1.152081973826799022e+01
7.838637964954709325e+00
6.428963019895065578e+00
1.224375651347633287e+01
1.607772245812229528e+01
9.675352048078833533e+00
6.498065846491231312e+00
8.538953753425444049e+00
1.415056126846753237e+01
8.195330399973036251e+00
8.259624362818483334e+00
7.014963019564771862e+00
8.007119371873939073e+00
9.062256009601304285e+00
1.040007457620518316e+01
7.549470071923602532e+00
1.027594812147005854e+01
5.824205957384950061e+00
6.618629974782741066e+00
1.035992015926539267e+01
1.421407046884425540e+01
1.351173890342820272e+01
7.298646312020803606e+00
6.719713533028472519e+00
1.759781524917156759e+01
1.173799479366456211e+01
1.228996206955036641e+01
7.604492220662808499e+00
7.885159933370784913e+00
1.274222149915032354e+01
7.916284934424977493e+00
1.021845477190754536e+01
9.158111852995878266e+00
8.021964198565234128e+00
5.028114771040556263e+00
1.213863500839545750e+01
4.744965349799831422e+00
8.009260975914100911e+00
1.043702609751283461e+01
1.043529854133577217e+01
8.524249577943127321e+00
8.108386530427161176e+00
8.516602901199785691e+00
9.470459882973678134e+00
9.722905607276087991e+00
1.112566864059264837e+01
4.367076102560123907e+00
6.919489487079771628e+00
1.542264894967711442e+01
9.916483996533122180e+00
5.253757696755953610e+00
1.654108023994960419e+01
7.392900694757272184e+00
6.689097982151023913e+00
6.403174674856580317e+00
1.245873844478693826e+01
1.234353715414754227e+01
1.118031091806081889e+01
4.590946513276496610e+00
1.374118441203156138e+01
8.509835763748215598e+00
8.953442843883200553e+00
9.378873158410744537e+00
5.359321075164245052e+00
7.001288832289469966e+00
7.845834332861934435e+00
9.066279720871017744e+00
1.199292810988420932e+01
8.499675359123882501e+00
9.546347334658857875e+00
7.685283678879755165e+00
6.726660433146061102e+00
9.859364579982706545e+00
1.091170958961871840e+01
1.082208068044129057e+01
7.431118588110368961e+00
1.282436597681001977e+01
9.406691164060184462e+00
7.123774284605098650e+00
9.847131698071525108e+00
9.608832731332096699e+00
1.283962950133519954e+01
8.943276546518635683e+00
7.661752569188613471e+00
9.473190329435183799e+00
7.104778039819401592e+00
1.787625877906305760e+01
7.289633391148353958e+00
1.565749088585916837e+01
8.837498923621675218e+00
8.907883612404731366e+00
1.102113794802087909e+01
1.325138836601405323e+01
1.193435569949858177e+01
7.064528627035593367e+00
1.213567608362383154e+01
1.516700999429068375e+01
1.043668547295651550e+01
6.874359897107301443e+00
8.901283336060179963e+00
1.259635770788445974e+01
8.820103259355933645e+00
9.022936060126859559e+00
1.009232395679390137e+01
7.734365711660794673e+00
6.105555186598531137e+00
7.550230442392842356e+00
9.267768846413236616e+00
1.499803267084334202e+01
7.896562134754254281e+00
5.437350352992978308e+00
1.043443248429411696e+01
1.101019436578030763e+01
1.304041527287628988e+01
6.434456533235986875e+00
1.101986635741366349e+01
1.320220325689659369e+01
1.052143568261447193e+01
1.596109732028882533e+01
9.666005625393445655e+00
7.198085604378708702e+00
7.395143448608259895e+00
7.648341699331995258e+00
1.056787450144485341e+01
1.464522451906348799e+01
6.743989597278515546e+00
8.560396700516880841e+00
1.455021502245437404e+01
9.606828349761860508e+00
7.159480369632768237e+00
8.697088075762065884e+00
6.212455081846448124e+00
1.315425979284478863e+01
4.453448673207724084e+00
9.525672496739062467e+00
1.048579150656813930e+01
5.441814270585725311e+00
1.225561049237013655e+01
1.179283971371839890e+01
1.350011969789770383e+01
1.206462135364604116e+01
8.731855043984724674e+00
9.326841537507014834e+00
7.719014252086934924e+00
1.164756035351855168e+01
9.726681622941361738e+00
7.117793093461367349e+00
9.140247602969184371e+00
1.373300408360843150e+01
5.155623649781648332e+00
1.192410352134959339e+01
6.176227078174187035e+00
1.086963334344470944e+01
4.482317728659351630e+00
9.234359384616430688e+00
1.636340941593688214e+01
9.523061358991320446e+00
1.033796788852953874e+01
4.590128084634319094e+00
9.242194455508517592e+00
9.554244933035512588e+00
7.403220777725542767e+00
9.488102445179187328e+00
6.771834154198980826e+00
1.669403259007085083e+01
1.334708740944327943e+01
1.269859823845257019e+01
9.092675377583399055e+00
9.887018330197586025e+00
9.106010845933310449e+00
8.086976402820717169e+00
8.124372737431997393e+00
1.637377693975284387e+01
8.577780990978437714e+00
8.358157544114220627e+00
9.852367194771872505e+00
1.041012454969544798e+01
8.615444417845095515e+00
8.819154698730303110e+00
5.988496615987040528e+00
1.562031424977570460e+01
8.661479756000101560e+00
1.278222855523662815e+01
4.755967279879834031e+00
9.717283961164179473e+00
9.348173306785600545e+00
1.548756532261960928e+01
7.543825450688434131e+00
5.845294798871648823e+00
8.163435265340687863e+00
9.191727961093969057e+00
7.778407247647331602e+00
9.070117777454054675e+00
9.236166530364517513e+00
6.376753266657115837e+00
4.737856611380754757e+00
6.688640851701921797e+00
5.995707439778167114e+00
4.604238336786893981e+00
5.316359231993192935e+00
7.206130046846013215e+00
1.247728991198863113e+01
1.477608780382051101e+01
5.291343564028558433e+00
1.068774774684378315e+01
8.052073359526657370e+00
1.668736692175400549e+01
1.398566589208162014e+01
1.158720369460488087e+01
1.470638942245634873e+01
1.300852456146018810e+01
8.135343836719693300e+00
7.184243366475515202e+00
7.156220733157835134e+00
9.173910581924655361e+00
8.221380086060136705e+00
6.328711087908958532e+00
1.447265458180453734e+01
1.119202097367786486e+01
1.475971168516720589e+01
6.250414230576500252e+00
8.857318074285645437e+00
1.275714194934472978e+01
8.900507880644873637e+00
8.344861191955800450e+00
7.510715838067505423e+00
1.807880637564643322e+01
5.347100647047989597e+00
1.130320828643614028e+01
7.598459048013665118e+00
5.909011269829033353e+00
5.338359257292924376e+00
7.454722544686434027e+00
1.217705616319639716e+01
1.955043806158116126e+01
1.059957544099776783e+01
8.511316873748562273e+00
7.735234598942802187e+00
1.587537114562773510e+01
1.289051893819642203e+01
7.499023981904281655e+00
6.470870080602472818e+00
1.101845400305502842e+01
6.669087706444605246e+00
7.460053564322809194e+00
5.826872560668070911e+00
8.427855761820454816e+00
6.916829236169355966e+00
1.049758048678065059e+01
9.031123082218423193e+00
8.775702856063928081e+00
1.212800112119338003e+01
9.278076653579860888e+00
1.898141962003237282e+01
1.282900550288030495e+01
5.721884550300609718e+00
1.138315648451482787e+01
6.116275544932949337e+00
1.806900082988254752e+01
7.115327663049849427e+00
6.629343491427229118e+00
9.918509125764787271e+00
6.921100701696509816e+00
1.079879636129216891e+01
7.445579559413602055e+00
5.524538873942291595e+00
6.548144103698641416e+00
1.159693831987027401e+01
7.982530382564209326e+00
8.590988841168954337e+00
8.469316883614235181e+00
1.513648918381137065e+01
1.059282752909336978e+01
8.709690400836803903e+00
5.017289407559062830e+00
1.757283039012013148e+01
8.367186579575919936e+00
6.568640973953353779e+00
7.263980231554375777e+00
7.904752457024971868e+00
8.960151681798491197e+00
9.591718458496377053e+00
9.063341656547336811e+00
1.251582817873167386e+01
9.414794597842004009e+00
1.878080483218843710e+01
7.648935381003485467e+00
1.230305565256850819e+01
7.191788780689675420e+00
7.198148201339928498e+00
6.972280572590316083e+00
5.125671310518106871e+00
1.482213589468220150e+01
1.006244688149589450e+01
1.534794420606010945e+01
1.104940822815651558e+01
1.470125368718383285e+01
1.338710515480500440e+01
4.801763299789061357e+00
6.697012931026746330e+00
8.480649026649166089e+00
1.092610028848347348e+01
4.859612956117140392e+00
4.637453438087065116e+00
1.064263894402621702e+01
9.071446626264721758e+00
4.305128155585005167e+00
8.629954406434723779e+00
7.276814531715493750e+00
1.103069757196483103e+01
9.403378889214737413e+00
1.623478781761961187e+01
6.477208240874758438e+00
6.045915954661797542e+00
5.624055420241267811e+00
5.612494909356336770e+00
8.310377527908899609e+00
1.331147511124743588e+01
5.904629625245182645e+00
1.020919837714054346e+01
1.259996303315334032e+01
8.551042189289974615e+00
1.447626163124012955e+01
9.901976942151643257e+00
7.830731594700950815e+00
4.890425427680733961e+00
1.269571841812542878e+01
1.147272244395293050e+01
9.339714614171803930e+00
1.014225507386694858e+01
7.619048039189379118e+00
9.604356995409442987e+00
9.692780071186913204e+00
5.185143107578752186e+00
1.161347448233066437e+01
9.070509706699843022e+00
1.008399645032251435e+01
8.695593952245683766e+00
1.503233569439137440e+01
1.027353446627323308e+01
1.022167794918879835e+01
6.147544899901380866e+00
9.543896916374958295e+00
9.909541361413113592e+00
1.008957737314121061e+01
1.096460765712355290e+01
9.144411814552821482e+00
6.017363135909496563e+00
7.469313641192462327e+00
1.077745400918208318e+01
1.119759126960007833e+01
6.608638878063605837e+00
8.964133568741166513e+00
7.976876439665956831e+00
1.036860553330120638e+01
9.319085172124985661e+00
8.105390506531676920e+00
8.956768951570911241e+00
9.790325796789161927e+00
1.263962814672436430e+01
1.264634431449534624e+01
6.591336708264465827e+00
5.541457081066657686e+00
1.004999793388580187e+01
1.228048639673352405e+01
6.006621029392512412e+00
1.810300007412310563e+01
9.454554028043567371e+00
8.577982087798691424e+00
9.422031857983292014e+00
9.062715588272970635e+00
6.211215785624195185e+00
7.212102271772534046e+00
1.322684710231630412e+01
4.396564474548413592e+00
5.804182799160922279e+00
1.113472724048682672e+01
6.336552224540682232e+00
8.574808523263552473e+00
4.392134265861431963e+00
5.165964658960911393e+00
1.270017876767684939e+01
1.048694729358718014e+01
7.082070575882820407e+00
6.238725712853875116e+00
9.705828905235458492e+00
1.237302764788908149e+01
9.113747638889625691e+00
1.297465332817630923e+01
5.060300780343970573e+00
8.950671415760965033e+00
9.571829401249305036e+00
4.642232888889971321e+00
1.447854807790198706e+01
9.905317479163898042e+00
9.181954110667916780e+00
9.981037094040122071e+00
9.463537247435221289e+00
9.359460087390885974e+00
1.376575793700398620e+01
9.928995359864085657e+00
7.655469848142033129e+00
9.078428915187549464e+00
8.013819745238645709e+00
7.411484674110826454e+00
6.333247288257325636e+00
1.101191838697097225e+01
7.201865241418361485e+00
8.846483502479985717e+00
1.532615616919118473e+01
7.650100131571609730e+00
1.121769160009103317e+01
7.654047075956446733e+00
1.021130934133424084e+01
1.670950623875158669e+01
4.791365317735234441e+00
9.672674683993010447e+00
8.341504868558075714e+00
6.602326453740064771e+00
5.789904929254289456e+00
5.695864748000046163e+00
6.937253046211550256e+00
1.391361889028775423e+01
1.668016869118921974e+01
9.700285076772376058e+00
1.728538800940856390e+01
9.498756167641332127e+00
1.964083714956309024e+01
9.012809830159783431e+00
1.895740971462371149e+01
8.700849173510093237e+00
1.317001224835459361e+01
1.066326531784554987e+01
8.507660194171601020e+00
1.572794890999724338e+01
1.708128207028193657e+01
1.237378452436385423e+01
7.348778462749120166e+00
9.028843745558273071e+00
4.685866797086652547e+00
5.764086783631630517e+00
1.268540149588506871e+01
1.176855647015922379e+01
1.004200409579177133e+01
7.502001654225815663e+00
1.146799987030806278e+01
7.865309307510304215e+00
6.680752235250054127e+00
1.029628247396863472e+01
1.014850430133038017e+01
6.788112220050372514e+00
7.819571872766418075e+00
9.468117783635079832e+00
1.415394172169865072e+01
1.328353992428949759e+01
7.731461380050260068e+00
8.097478226787652389e+00
1.158215642568570125e+01
9.046981611935320799e+00
9.083359837852393426e+00
4.921848715178164468e+00
9.023768977574048833e+00
8.223119748220364400e+00
6.468951361178256754e+00
1.359784283131691573e+01
1.032494797867341596e+01
1.472870658606422722e+01
6.786774269591599129e+00
7.610152611742638129e+00
8.276323791864578894e+00
9.537889500457286118e+00
1.364268323464549226e+01
8.508544271862607644e+00
6.378366643692422677e+00
7.277378982483485359e+00
1.110992451063838971e+01
1.380137814173093780e+01
1.048133128966791361e+01
5.843902832153301752e+00
1.429244862773832025e+01
1.453050973690047698e+01
1.119094772946118788e+01
1.208474252937990201e+01
6.443600604731283710e+00
1.341351450910966925e+01
6.445960226650964131e+00
9.118052740207422957e+00
1.174726823608107829e+01
1.172759178819361381e+01
8.737974685192806845e+00
8.497331367392238377e+00
6.864648586085254856e+00
5.301340748216895271e+00
1.132235079539005085e+01
1.100624683422855021e+01
1.270704574231491790e+01
1.574940210435582877e+01
9.192546644269793177e+00
5.529444320273644742e+00
1.054093167128199049e+01
1.373282073478619481e+01
1.010421673060724324e+01
8.066378021355943062e+00
6.641114167569644344e+00
9.030359738006902504e+00
1.134657834132009491e+01
7.111404305140159643e+00
1.087756897034411629e+01
1.524832708743524812e+01
8.537773489781594449e+00
1.088909001264193144e+01
7.922058883069329482e+00
6.930106624942964366e+00
7.380444234082547794e+00
7.746102243466971515e+00
7.814791272340133155e+00
6.687044160055645392e+00
5.815213228973927784e+00
8.384732313883388244e+00
1.029901195968301231e+01
1.146220960602117600e+01
7.109440559967697304e+00
1.116390136223043328e+01
9.352159531885899213e+00
2.093203011331107888e+01
1.599808843889372056e+01
8.720156145938585013e+00
5.298877795863297990e+00
8.433481563713813856e+00
7.729734298030932038e+00
1.007053014321005691e+01
1.328463575689153231e+01
5.794519366091804180e+00
4.834005114026706629e+00
9.443972033515299458e+00
4.945233362672776245e+00
1.843114642032250572e+01
7.228870404983885223e+00
1.270355056803120597e+01
1.478165415943458783e+01
5.770830682115070331e+00
7.994799216381168527e+00
1.113275405005696683e+01
9.095953242755005164e+00
4.299946900225427804e+00
8.260743898938740060e+00
1.253806510767589444e+01
1.699638431203674216e+01
1.394562494579981404e+01
9.662809024291609816e+00
5.187358198014083044e+00
1.157285538352848420e+01
9.379527863165302293e+00
1.123534587702547682e+01
5.873143038810609617e+00
1.590806995274589042e+01
9.112413551096333109e+00
9.260976305172674117e+00
9.381353136591080499e+00
1.230096107466002131e+01
1.040561299518635607e+01
5.804311761704370021e+00
1.102045154776138958e+01
1.055210768394513288e+01
5.404627310700191423e+00
6.479751008980231930e+00
9.455028816202769804e+00
1.364393434312158782e+01
9.694310804921977720e+00
7.221850723918636916e+00
9.756426214856695367e+00
1.781695481455729890e+01
8.330210694678479300e+00
1.048013999577965905e+01
1.632156460479861337e+01
1.861102363603363941e+01
1.163769099104620253e+01
1.040005836189571120e+01
8.377117997179221121e+00
7.845179527825703047e+00
1.669417789818344744e+01
1.229319899990708009e+01
5.024855197867574397e+00
5.529817487329542480e+00
7.593071448502714205e+00
1.020997141073754477e+01
1.156425979202456489e+01
1.319250519770125329e+01
8.058281801893842911e+00
5.675641506834902650e+00
6.011564213746861896e+00
1.195293173096746031e+01
6.210735536548066982e+00
5.412709124659945026e+00
1.585326521479371031e+01
1.336947046949449636e+01
8.060484976926858280e+00
1.166846773902595125e+01
5.243148468679425633e+00
1.032294510973848922e+01
6.803651040718778908e+00
1.054869765956409466e+01
5.945817945718305353e+00
6.574613500493271978e+00
6.361665920689066667e+00
8.476527005221566213e+00
7.322502173684656057e+00
1.423739602876498900e+01
9.636581066152157149e+00
6.541371755120493958e+00
1.026705037347292127e+01
4.422828999569260233e+00
1.420871638767444978e+01
9.787798599147121692e+00
9.240828771234289363e+00
8.014174604144205460e+00
9.001838062560338471e+00
1.919098642902513063e+01
8.039955675101749577e+00
9.822049153186897641e+00
1.768551883713608674e+01
4.531408910655136957e+00
1.413168779235561168e+01
1.559723190890490940e+01
9.302352357502785551e+00
5.365556563134922463e+00
8.468095509701026202e+00
1.175085330746295575e+01
1.275699632931263316e+01
9.967250166910678999e+00
4.801099715438948756e+00
1.143632536418668622e+01
1.544735640089019491e+01
7.158438959832784221e+00
5.439957462207877015e+00
7.766596090319494827e+00
6.520393986712302414e+00
6.050421253398321930e+00
1.345669738994017806e+01
7.995605100051202285e+00
1.336175912806453958e+01
8.635424936435999399e+00
1.032230678762418918e+01
1.324263444612913254e+01
9.029507254256515125e+00
6.580214148491624115e+00
9.350129265519679933e+00
1.514821987224242861e+01
1.134905674511921525e+01
9.920500370055128414e+00
5.472638240873044069e+00
7.412293394323928197e+00
1.092971046323256346e+01
1.001666803761238533e+01
1.227921823841396431e+01
1.515473993669721509e+01
9.366926515818366994e+00
6.253083649609108008e+00
1.935225874464459039e+01
1.687934563534084731e+01
7.769269658330564710e+00
9.153597313435760441e+00
4.866333066430954979e+00
9.842547006337424520e+00
8.067391651193267066e+00
1.316794034138556135e+01
9.739543636307603336e+00
6.862450997435188604e+00
2.021796250005073503e+01
5.450666153502797151e+00
4.371745632610144483e+00
1.053351966439377563e+01
5.381280784601988998e+00
8.068594435522490116e+00
1.876750227782225977e+01
8.943496099436428537e+00
5.830465545823665607e+00
1.190573447269876262e+01
6.416673392957922495e+00
8.501952784424689824e+00
9.653125773446138425e+00
1.190456134820282408e+01
8.364453105995298898e+00
7.623160402027845173e+00
8.686611196307014282e+00
4.888111107238040098e+00
5.562394661336906410e+00
1.026514692430247599e+01
7.716128725180171344e+00
7.945768375007215667e+00
1.036596275443535120e+01
1.602597105196248251e+01
7.840653721860536329e+00
7.274677035937693326e+00
1.193885908200948798e+01
8.372367676674464576e+00
5.034186527063225114e+00
7.222056538769071388e+00
1.215681495564430392e+01
1.705283177871325151e+01
9.077774698071218396e+00
1.179810977656704196e+01
1.315501867604476516e+01
8.553121202837441928e+00
1.482334533356570994e+01
9.365417808699957547e+00
1.058300312734270676e+01
1.063388130915109109e+01
1.345677686667149509e+01
8.935043653688529375e+00
8.841650506954904287e+00
1.196636771386614839e+01
1.107685991034875705e+01
6.175358183607476015e+00
1.018117496711347059e+01
7.127408592792375153e+00
1.602440778144604394e+01
7.848799690417907371e+00
1.000637222955955963e+01
1.091898808201625570e+01
1.104893507196219282e+01
1.358639454056099360e+01
5.346826865502888992e+00
5.505338287727059132e+00
5.981004704606354139e+00
6.645299390413337726e+00
6.347557826633273059e+00
1.715224052654953013e+01
9.370765157427223713e+00
1.524404541904329946e+01
2.046761916867552600e+01
5.154529072260101152e+00
5.755698004465869211e+00
1.327299500854842407e+01
9.835738389520741976e+00
8.513208614884542058e+00
8.790250364363908275e+00
4.261168468170000168e+00
4.879166032469486325e+00
9.644148281867771288e+00
8.165310344424328903e+00
1.356226527145263283e+01
4.953438409084770733e+00
5.607078762291707541e+00
5.571371640699327443e+00
1.568165210173965640e+01
1.106828358122299960e+01
8.610024250917090782e+00
8.422185909654256619e+00
8.317823012951462758e+00
5.437257291669734371e+00
1.134611312299739616e+01
1.861484263711748355e+01
1.062377145033512171e+01
8.471278696207990677e+00
1.589826345782618411e+01
1.237786424082235648e+01
9.956608499521289346e+00
8.819631386046539845e+00
6.589304448941811110e+00
1.278847399952080721e+01
5.703543485114231260e+00
1.577414673876129569e+01
8.164251365978229202e+00
1.026476031665397493e+01
6.801170825005343978e+00
9.143379481200055281e+00
1.392583447415226061e+01
1.135316631783168440e+01
9.701384371432810738e+00
9.441208336651373045e+00
8.789674218613352963e+00
5.289192973243584284e+00
7.394226392007362314e+00
8.672466647393775929e+00
1.453764508476774431e+01
7.286688815577597289e+00
7.000718353808658811e+00
1.058873301856054283e+01
1.320634253915909362e+01
1.247045205782330690e+01
1.079997073409587394e+01
9.947526699964427621e+00
6.893387469369058884e+00
4.967188816615561997e+00
8.791988010846244705e+00
8.405835029913346190e+00
1.323050339778085416e+01
9.320995058450320059e+00
1.655591713251716257e+01
1.206866443072355999e+01
1.123018530645816426e+01
8.661641678650617848e+00
7.450596179271672170e+00
1.145719910812104381e+01
1.283384882355739087e+01
1.066402960393954835e+01
6.006561129017129907e+00
1.099033315276082057e+01
1.535203532145482797e+01
1.367895219729732759e+01
8.725659329556778587e+00
1.754403102420100780e+01
8.656416773436571788e+00
1.414532923552935628e+01
7.168661106681130768e+00
6.299932336497159113e+00
5.533381113567934051e+00
1.093235978782650974e+01
1.874004928688311367e+01
1.652011218116630076e+01
7.070713715605295491e+00
6.116418446588247626e+00
6.813281572683433929e+00
1.524623948532170381e+01
1.514928155880501492e+01
8.367324812159511183e+00
5.182199037339374925e+00
6.171261457129801009e+00
8.308433518235686321e+00
5.709975088409781740e+00
7.493464164725684995e+00
5.590981492935697794e+00
1.125446783356047575e+01
9.118093760914097956e+00
1.302651093557101625e+01
1.507081834724668923e+01
8.327849165376367324e+00
1.363704865656566945e+01
1.076760411729243394e+01
1.137131031876219822e+01
5.171506633273571296e+00
8.521535323956031860e+00
1.201997285352040556e+01
1.192996563128439114e+01
5.819848981032136770e+00
1.722564478333261917e+01
6.726009831720199728e+00
7.021754077347479139e+00
7.497906543153681547e+00
1.070006374279756578e+01
9.893902281599160631e+00
1.485824967115977913e+01
8.223889614760205191e+00
6.408886259239884531e+00
1.245876441313767913e+01
1.885289012569621647e+01
9.965045740915853045e+00
1.059158798248550326e+01
6.722836114742893443e+00
1.114083306754684877e+01
1.251446631287628541e+01
7.600080403486868974e+00
1.199490592804465017e+01
5.270951276229603799e+00
5.575900573060666332e+00
9.779431634330995493e+00
6.116820912180474856e+00
1.532228136500384785e+01
1.418743901241974292e+01
8.627802730602978087e+00
6.579923491188112372e+00
1.352225109998582298e+01
9.709362473995840404e+00
6.259136443715127562e+00
9.048826245384642419e+00
1.094901702373234365e+01
1.149338832663929644e+01
9.373309100483158574e+00
9.022532662751082455e+00
8.607013735612824235e+00
9.064692332052686652e+00
1.171931019352545356e+01
6.110453040550607007e+00
1.611158201914084742e+01
8.066100861072522221e+00
7.532395004374606629e+00
8.395590189797760061e+00
1.159319604192637065e+01
8.336500263136867872e+00
6.392351746914952670e+00
5.575941098948367980e+00
1.360433155170637498e+01
5.621235444403101411e+00
8.044819351967110066e+00
1.657953309757744975e+01
1.320797476989802632e+01
1.300683719443731512e+01
1.035332719106298249e+01
1.010792498507464288e+01
8.328587345499082417e+00
1.454227226732334088e+01
1.371050163611971762e+01
1.553977660546929407e+01
1.657517130202657540e+01
1.198486699882258044e+01
8.604784843432842223e+00
5.700002020512308754e+00
1.411709404803463919e+01
7.345627784511910008e+00
1.263432339686502637e+01
1.353023358623126882e+01
1.060656208178474813e+01
1.448058708966044428e+01
1.035625437368314827e+01
8.074258631285671228e+00
7.708179092153428336e+00
9.245977518558968100e+00
1.236749925971187913e+01
9.434328001010696241e+00
6.409636005809319137e+00
8.915304977362110250e+00
1.201675814259774455e+01
8.530691660279080324e+00
1.524215654504635786e+01
1.700828481361011768e+01
8.558295110731181765e+00
1.420871777451243823e+01
6.872519236238680662e+00
