6.819111626664456360e-02
1.477446258968588555e-02
1.288146797004508480e-02
1.865784600271549326e-02
1.967753203045918831e-02
3.546464279627529331e-02
2.252603008535660617e-02
2.474890116969439766e-03
3.045847504898742744e-02
8.937099462533659375e-03
1.595960934977048995e-02
1.736483211144397576e-02
2.148303277073476680e-02
2.049655017117981218e-02
8.186806911440098339e-03
8.420025310818816944e-02
7.968624970955020051e-03
1.272992414590259566e-02
2.801445782555937736e-02
5.787554575170345689e-03
5.827417164703248102e-03
3.281202291387168984e-02
2.240068004194035317e-02
3.050179208259016714e-02
3.511565279196307478e-03
3.856633410945090826e-03
1.132170438518406014e-02
5.272905238813998391e-02
7.742728832822299775e-03
1.149024711786679753e-01
2.587467166241495115e-02
7.703616594206241439e-03
3.871481577286960390e-03
8.428453545072796607e-03
4.527733330651592669e-02
2.162004822525985179e-02
4.813955126138085711e-02
6.534587648876258315e-02
9.862010568104860944e-03
9.581087821834784538e-03
2.151674773471588809e-02
1.057674841078428372e-02
5.332913005442594181e-03
2.926380428421720276e-02
1.858819490775599770e-02
2.986308345993223673e-02
7.074045705584679385e-03
2.988925507189858603e-03
1.577963696172317645e-02
1.794202536256469527e-01
2.003436822675007042e-02
3.468484815673641281e-02
1.007069934279523037e-02
3.079524434898650229e-02
2.362432046934272167e-02
4.094985700220294712e-03
2.142724097700665631e-02
1.822727451847989955e-02
2.714863036962148965e-02
1.729128131283483305e-02
1.196181223285489210e-02
8.799275564077314871e-03
2.521860477869105732e-03
2.107536153529383505e-01
1.391124496636223784e-01
1.129679005389056801e-01
1.086919832800464225e-01
1.455315772937997576e-01
1.302368431380437896e-01
2.450040451176994372e-01
3.435290450711551702e-01
2.065738236523404769e-01
1.964954858760323553e-01
1.569200935331176161e-01
2.014867084873661618e-01
1.068131063402250613e-01
1.562124485736089141e-01
1.378331669143984528e-01
1.802093400488034014e-01
8.130252490652122022e-02
1.632140946549371086e-01
3.489818348622829580e-01
2.075353150670108393e-01
1.736777815408603043e-01
1.198787567740151883e-01
1.014164472465190620e-01
1.347803000861063638e-01
1.863664171556666249e-01
2.667810061773123742e-01
1.645330771041710050e-01
1.140326786985004781e-01
1.653226136285601555e-01
1.333521819343749804e-01
1.761774778561697175e-01
1.401312586557729722e-01
2.438147906932252307e-01
2.020077123345746517e-01
1.175852488009999641e-01
2.070340844206572106e-01
2.278727692095744162e-01
2.780261050141866752e-01
1.614003855901927909e-01
1.494720909194874048e-01
2.249734930882860140e-01
8.856549721019753296e-02
1.530389627448618395e-01
1.541682450551873362e-01
2.035100392946662118e-01
1.278059941940816457e-01
1.078465028314070095e-01
2.236616707962559014e-01
1.002418885389950581e-01
1.833993945884543619e-01
1.101008709155579107e-01
8.668835693168328027e-02
2.003598105217523906e-01
2.466076101910173457e-01
1.269024290809439293e-01
2.163731190035575735e-01
1.606530958424021160e-01
1.431885506390526974e-01
1.507975885735851340e-01
1.214884244009347275e-01
1.959264798657021911e-01
2.639732970181630778e-01
6.674613293111175683e-02
