3.605278936001444223e-01
4.275942168436205199e-02
1.616934399076842138e-02
1.983196834057271082e-02
3.672272978639590929e-02
7.841107059727142614e-02
5.731069923786757947e-02
2.003943746628745592e-03
4.394220815792694579e-02
7.607122526156437879e-03
3.046491152099134805e-02
5.005105982568442552e-02
1.145297240207461681e-01
4.705603639929349657e-02
9.053654039716843918e-03
2.557112969046940187e-01
2.209055305446024076e-02
1.150334342637005479e-02
9.588269242094195344e-02
6.320684088180998118e-03
3.903320360978340155e-03
5.181629260526949415e-02
5.225559357446812880e-02
2.154377969872765530e-01
2.451090681513148385e-03
1.112941814059359305e-03
1.705905105699838734e-02
1.680454734819721574e-01
1.946936434291415829e-02
8.283713852788641141e-01
1.486405250790851507e-01
2.711099351608759617e-02
6.709929934091456855e-03
1.600386594191061454e-02
1.063820378623290264e-01
8.684360555248191171e-02
2.458078210155048293e-01
6.088474633514444623e-01
2.854851670168244773e-02
1.290132713228202277e-02
8.308668967517002235e-02
1.876649626136421209e-02
8.134294326514926454e-03
1.161937169344497561e-01
1.779264544337167200e-02
1.250979073460163904e-01
7.065614010822372087e-03
1.094802656791583981e-03
3.993629660596809128e-02
8.052386904741687390e-01
9.937162940965262037e-02
2.928843170111561922e-01
1.066930343610996562e-02
7.217689337475562128e-02
2.897043387556570426e-01
5.417515835763193378e-03
5.799783216625341992e-02
7.898100792019134564e-02
7.213284698281077767e-02
2.872032148327716139e-02
7.531961998574261685e-02
2.283224684962563075e-02
2.001589927471435822e-03
9.493690429614343174e-01
8.720496525808609789e-01
7.075449996997859037e-01
6.997688350520195888e-01
9.383903796931293284e-01
8.309647954250156676e-01
9.788096852492389477e-01
9.920052869393051198e-01
9.672170235420486373e-01
9.498240828904725985e-01
8.870135878704021870e-01
9.347274443475626082e-01
6.802369416037897798e-01
8.931625872712165570e-01
8.955917709073270006e-01
9.690588924843525076e-01
6.016922007213559853e-01
9.303316424734895396e-01
9.920722397959721439e-01
9.654367771109687579e-01
9.251765393772378721e-01
8.705790319138819733e-01
6.362550158043515092e-01
9.275007441434087729e-01
9.461571430583871622e-01
9.866302227597830710e-01
8.903754619287271854e-01
7.065867723522578636e-01
9.296692655845988362e-01
8.497697632142191537e-01
9.439337739050435161e-01
8.327636472725903349e-01
9.875548364028983173e-01
9.668932371762904987e-01
8.183652472965086133e-01
9.858549585250451219e-01
9.761908170707336296e-01
9.869607002747691205e-01
8.977548232637179160e-01
8.879588680027082903e-01
9.749714268394235051e-01
6.813860684377459620e-01
9.109924911620497223e-01
8.687632106150849909e-01
9.644689123005565357e-01
8.112486051385875419e-01
8.256828084778125021e-01
9.765524499555205962e-01
7.891692852798214419e-01
9.187040323235849959e-01
8.132643161265344922e-01
5.991526136701909033e-01
9.238939879864117577e-01
9.685573947642756032e-01
7.810816719965139043e-01
9.749442324129196091e-01
9.077878508790611090e-01
8.579371052300540645e-01
9.242838927198762100e-01
7.934765298874765227e-01
9.732133173941934778e-01
9.842241109660290199e-01
4.640771841538848808e-01
