3.948589673697189828e-01
8.555115916850754287e-02
7.458982077620113227e-02
1.080377945005004392e-01
1.139422611524586182e-01
2.053571344677192489e-01
1.304364184868740117e-01
1.433078983659467898e-02
1.763690442970852479e-01
5.175005276724963660e-02
9.241372208709519587e-02
1.005506296342477540e-01
1.243969684064473585e-01
1.186847653818577930e-01
4.740550235995692058e-02
4.875594771694756746e-01
4.614212524523442216e-02
7.371231002130781973e-02
1.622170231847889221e-01
3.351269121642880960e-02
3.374351455239089220e-02
1.899972048326824536e-01
1.297105821695808403e-01
1.766198705057517304e-01
2.033363165038918827e-02
2.233174010841380494e-02
6.555804842552070966e-02
3.053262699931641455e-01
4.483407926037167451e-02
6.653399093868541669e-01
1.498266444810968656e-01
4.460760081278231787e-02
2.241771804733122889e-02
4.880475119834627729e-02
2.621772754790714366e-01
1.251903529974242313e-01
2.787508775539483952e-01
3.783836770075451050e-01
5.710572758310934749e-02
5.547905138867481600e-02
1.245921940691339380e-01
6.124439933320804247e-02
3.088010048358199797e-02
1.694513328655933015e-01
1.076344815627222201e-01
1.729214440684034848e-01
4.096208619772469944e-02
1.730729901383493835e-02
9.137159643803634268e-02
1.038928528385008265e+00
1.160085122963261245e-01
2.008417529490363340e-01
5.831413475676047037e-02
1.783190985757025226e-01
1.367960417139977569e-01
2.371191312751207148e-02
1.240739074086915222e-01
1.055445810006757495e-01
1.572034707766548634e-01
1.001247355592121968e-01
6.926457704060060006e-02
5.095198690174097822e-02
1.460277054635902502e-02
1.220363582292638638e+00
8.055271893139348549e-01
6.541378260812613643e-01
6.293782332511701494e-01
8.426969886402158050e-01
7.541332098728890099e-01
1.418689846317999770e+00
1.989196414792413270e+00
1.196160602123418348e+00
1.137802237206860578e+00
9.086419094499363913e-01
1.166703787938442982e+00
6.184986429336916114e-01
9.045443088639101292e-01
7.981195342851296060e-01
1.043497713746260658e+00
4.707802538912668755e-01
9.450871668331352060e-01
2.020770658830151945e+00
1.201728094311800277e+00
1.005676886210946641e+00
6.941549676978551187e-01
5.872494223071408337e-01
7.804419846374150982e-01
1.079150116017037808e+00
1.544788799190772055e+00
9.527247019901602387e-01
6.603033976042647080e-01
9.572964936514366530e-01
7.721725019020160286e-01
1.020151315723750507e+00
8.114265775130447000e-01
1.411803498070648200e+00
1.169720647793031088e+00
6.808744666669314105e-01
1.198825730686319258e+00
1.319491618086080065e+00
1.609903265088884039e+00
9.345849294799046802e-01
8.655144350515809881e-01
1.302703431617696861e+00
5.128363148692171025e-01
8.861683178858236198e-01
8.927073990937101078e-01
1.178419834792608256e+00
7.400574393562217024e-01
6.244824996841227271e-01
1.295107357173364004e+00
5.804481692442855501e-01
1.061969645433875620e+00
6.375363621593803654e-01
5.019667806459622295e-01
1.160178513219469965e+00
1.427975250101163551e+00
7.348253679800946792e-01
1.252903178798690398e+00
9.302577667306576314e-01
8.291297509109561981e-01
8.731896963407707046e-01
7.034757081662849076e-01
1.134507422017333900e+00
1.528530828945482423e+00
3.864918272058318616e-01
